0 Z-44
0 Filename: Z-44.ldr
0 Author: James Smith
0 WRITE (C) 2001 James Smith
0 WRITE james@floppy.org.uk
0 WRITE http://www.floppy.org.uk/play/lego/
0 WRITE You may distribute this file freely, as
0 WRITE long as the information above remains intact.
0 WRITE ---------------------------------------------
0 ROTATION CENTER -63.4143 -62.2437 99.6717 1 "Custom" 
0 ROTATION CONFIG 1 1
1 7 0 -68 70 1 0 0 0 1 0 0 0 1 3035.DAT
1 7 0 -68 -70 0 0 1 0 1 0 -1 0 0 3832.DAT
1 8 0 -92 90 0 0 1 0 1 0 -1 0 0 3003.DAT
0 STEP
1 7 0 -92 -130 0 0 1 0 1 0 -1 0 0 4854.DAT
1 7 0 -92 -50 0 0 1 0 1 0 -1 0 0 4854.DAT
1 7 0 -92 30 0 0 1 0 1 0 -1 0 0 4854.DAT
1 8 -30 -92 90 0 0 1 0 1 0 -1 0 0 30363.DAT
1 8 30 -92 90 0 0 -1 0 1 0 1 0 0 30363.DAT
0 STEP
1 8 0 -84 50 0 0 1 0 1 0 -1 0 0 3022.DAT
1 8 0 -92 50 0 0 1 0 1 0 -1 0 0 3022.DAT
0 STEP
1 8 40 -116 100 1 0 0 0 1 0 0 0 1 30364.DAT
1 8 -40 -116 100 -1 0 0 0 1 0 0 0 -1 30364.DAT
1 8 -30 -116 70 0 0 1 0 1 0 -1 0 0 2877.DAT
1 8 -30 -116 30 0 0 1 0 1 0 -1 0 0 2877.DAT
1 8 30 -116 70 0 0 -1 0 1 0 1 0 0 2877.DAT
1 8 30 -116 30 0 0 -1 0 1 0 1 0 0 2877.DAT
0 STEP
1 4 -30 -100 -20 0 0 1 0 1 0 -1 0 0 3623.DAT
1 4 30 -100 -20 0 0 1 0 1 0 -1 0 0 3623.DAT
1 4 -30 -100 -110 0 0 1 0 1 0 -1 0 0 3666.DAT
1 4 30 -100 -110 0 0 1 0 1 0 -1 0 0 3666.DAT
0 STEP
1 8 0 -116 70 0 0 1 0 1 0 -1 0 0 3001.DAT
0 STEP
1 8 -50 -92 50 1 0 0 0 1 0 0 0 1 30359.DAT
1 8 -50 -116 50 1 0 0 0 1 0 0 0 1 30359.DAT
1 8 50 -116 50 1 0 0 0 1 0 0 0 1 30359.DAT
1 8 50 -92 50 1 0 0 0 1 0 0 0 1 30359.DAT
0 STEP
1 7 0 -124 70 1 0 0 0 1 0 0 0 1 3032.DAT
1 7 30 -124 -10 0 0 1 0 1 0 -1 0 0 4865.DAT
1 7 -30 -124 -10 0 0 -1 0 1 0 1 0 0 4865.DAT
1 7 -30 -124 -40 0 0 -1 0 1 0 1 0 0 6231.DAT
1 7 30 -124 -40 -1 0 0 0 1 0 0 0 -1 6231.DAT
0 STEP
1 7 -50 -124 20 0 0 1 0 1 0 -1 0 0 2420.DAT
1 7 50 -124 20 -1 0 0 0 1 0 0 0 -1 2420.DAT
0 STEP
1 4 -50 -132 50 0 0 1 0 1 0 -1 0 0 3666.DAT
1 4 50 -132 50 0 0 1 0 1 0 -1 0 0 3666.DAT
0 STEP
1 4 0 -148 80 -1 0 0 0 1 0 0 0 -1 3037.DAT
1 4 0 -148 50 -1 0 0 0 1 0 0 0 -1 3001.DAT
0 STEP
1 4 0 -172 40 -1 0 0 0 1 0 0 0 -1 3297.DAT
0 STEP
1 4 0 -180 40 1 0 0 0 1 0 0 0 1 4315.DAT
0 STEP
1 8 0 -84 -40 -1 0 0 0 1 0 0 0 -1 2342.DAT
0 STEP
1 8 0 -100 -80 0 0 1 0 1 0 -1 0 0 3002.DAT
1 8 0 -100 -130 0 0 1 0 1 0 -1 0 0 3003.DAT
0 STEP
1 8 0 -124 -80 -1 0 0 0 1 0 0 0 -1 3039P101.DAT
1 8 0 -124 -120 0 0 1 0 1 0 -1 0 0 3002.DAT
0 STEP
1 8 0 -124 -160 1 0 0 0 1 0 0 0 1 4864.DAT
0 STEP
1 7 30 -124 -110 0 0 1 0 1 0 -1 0 0 3009.DAT
1 7 -30 -124 -110 0 0 1 0 1 0 -1 0 0 3009.DAT
0 STEP
1 33 0 -176 26 1 0 0 0 1 0 0 0 1 2507.DAT
0 STEP
1 8 102.056 -105.029 100 -0.939693 -0.34202 0 -0.34202 0.939693 0 0 0 -1 30365.DAT
1 8 -101.13 -102.899 100 0.939693 0.34202 0 -0.34202 0.939693 0 0 0 1 30365.DAT
0 STEP
1 7 -186.891 -46.144 90 0 0.34202 0.939693 0 0.939693 -0.34202 -1 0 0 30356.DAT
1 7 187.818 -48.274 90 0 -0.34202 -0.939694 0 0.939694 -0.34202 1 0 0 30355.DAT
0 STEP
1 8 95.117 -108.152 80 0 -0.34202 0.939693 0 0.939693 0.34202 -1 0 0 3665.DAT
1 8 -91.734 -106.319 80 0 0.34202 -0.939693 0 0.939693 0.34202 1 0 0 3665.DAT
1 8 -110.527 -99.478 80 0 0.34202 -0.939693 0 0.939693 0.34202 1 0 0 3005.DAT
1 8 111.452 -101.609 80 0 -0.34202 -0.939694 0 0.939694 -0.34202 1 0 0 3005.DAT
0 STEP
1 4 -95.154 -115.716 90 0.939693 0.34202 0 -0.34202 0.939693 0 0 0 1 30360.DAT
1 4 96.079 -117.846 90 0.939694 -0.34202 0 0.34202 0.939694 0 0 0 1 30360.DAT
0 STEP
1 4 -81.148 -135.712 90 0 0.34202 -0.939693 0 0.939693 0.34202 1 0 0 2412A.DAT
1 4 82.074 -137.843 90 0 -0.34202 -0.939693 0 0.939693 -0.34202 1 0 0 2412A.DAT
0 STEP
1 4 -105.414 -143.907 90 0 0.34202 0.939693 0 0.939693 -0.34202 -1 0 0 3039.DAT
1 4 106.339 -146.038 90 0 -0.34202 -0.939694 0 0.939694 -0.34202 1 0 0 3039.DAT
0 STEP
1 4 -130.04 -211.564 130 0.939693 0.34202 0 -0.34202 0.939693 0 0 0 1 2340.DAT
1 4 130.966 -213.696 130 0.939694 -0.34202 0 0.34202 0.939694 0 0 0 1 2340.DAT
0 STEP
1 4 -95.154 -115.716 4 0.939693 0 -0.34202 -0.34202 0 -0.939693 0 1 0 3942.DAT
1 4 96.079 -117.846 4 0.939694 0 0.34202 0.34202 0 -0.939694 0 1 0 3942.DAT
0 STEP
1 4 -95.154 -115.716 150 0.939694 0 -0.34202 -0.34202 0 -0.939694 0 1 0 3941.DAT
1 4 96.079 -117.846 150 0.939694 0 0.34202 0.34202 0 -0.939694 0 1 0 3941.DAT
1 4 -95.154 -115.716 174 0.939694 0 -0.34202 -0.34202 0 -0.939694 0 1 0 3941.DAT
1 4 96.079 -117.846 174 0.939694 0 0.34202 0.34202 0 -0.939694 0 1 0 3941.DAT
1 46 -95.154 -115.716 198 0.939694 0 -0.34202 -0.34202 0 -0.939694 0 1 0 3941.DAT
1 46 96.079 -117.846 198 0.939694 0 0.34202 0.34202 0 -0.939694 0 1 0 3941.DAT
0
